remove or not index :   83, 88, 111, 115, 129, 143, 154, 170, 221, 262, 265, 277, 278, 292, 293, 295, 296, 297, 299, 300, 302, 303, 305, 306, 311, 
                        312, 313 ,315, 316, 318, 322, 330,335, 336, 339, 348, 350, 351, 352, 353, 374, 375, 376, 377, 378, 387, 393, 35, 396, 397, 
                        398, 399, 401, 302, 432, 439, 441, 443, 444, 445, 446, 448, 449, 451, 452, 464, 466, 467, 471, 480 , 484, 485, 486, 490, 499, 503

fully foreign language index :  401, 408, 413, 414, 438, 434, 463 , 469, 473, 476, 482, 492, 495, 500, 507, 513, 514, 515, 519, 523

questionable index :    355, 384, 407, 419, 424, 425, 453, 457, 458, 461, 472, 479, 487

pickaw, picknava : name of an external app

funny index : 418